1501
5500
1 144
1 569
1 925
2 104
2 145
2 899
2 995
3 115
3 268
3 602
3 619
3 738
3 841
3 993
4 431
4 548
4 764
4 937
5 144
5 183
5 229
5 328
5 643
5 700
5 773
5 936
6 200
6 206
6 669
6 824
6 964
7 333
7 359
7 420
7 730
7 736
7 767
7 883
7 997
8 182
8 211
9 103
9 276
9 338
9 474
9 679
9 724
9 732
9 820
9 980
10 237
10 301
10 680
10 852
10 893
11 182
11 291
11 324
11 739
12 63
12 892
13 34
13 153
13 171
13 554
13 788
13 807
13 925
14 3
14 26
14 38
14 535
14 561
14 659
14 748
14 894
15 72
15 400
15 495
15 536
15 775
15 966
16 115
16 256
16 305
16 611
16 683
17 376
17 420
17 863
17 888
18 41
18 247
18 369
18 513
18 549
19 41
19 164
19 855
19 877
19 939
20 106
20 552
20 592
20 639
20 690
20 792
21 230
21 418
21 939
22 66
22 585
22 610
23 254
23 653
23 772
23 914
24 124
24 154
24 481
24 585
24 588
24 632
25 9
25 53
25 64
25 77
25 285
25 377
25 612
25 753
25 886
25 938
26 198
26 737
26 831
27 26
27 393
27 631
27 652
28 200
28 207
28 499
28 564
28 588
28 678
28 959
29 202
29 247
29 272
29 732
30 94
30 365
30 774
31 59
31 111
31 208
31 511
31 556
31 735
32 20
32 198
32 253
32 357
32 415
32 706
33 80
33 458
33 567
33 805
33 924
34 164
34 470
34 510
34 788
35 182
35 367
35 814
35 922
36 76
36 313
36 359
36 610
37 227
37 400
37 582
37 586
37 884
38 431
38 461
38 478
39 132
39 163
39 234
39 260
39 265
39 384
39 692
39 919
40 212
40 454
40 513
40 574
40 617
41 206
41 395
41 618
41 903
41 944
42 25
42 204
42 257
42 559
42 622
42 823
42 971
43 146
43 398
43 410
43 552
44 43
44 434
44 713
44 752
44 913
45 122
45 140
45 146
45 414
45 629
45 891
45 969
46 18
46 715
46 815
46 982
47 112
47 245
47 256
47 342
47 397
47 804
47 816
47 957
48 104
48 271
48 683
48 794
49 133
49 652
49 744
49 780
49 884
49 933
50 37
50 311
50 543
50 563
50 870
51 203
51 324
51 464
52 207
52 534
52 701
53 437
53 485
53 622
53 750
53 809
53 985
53 999
54 960
55 421
55 457
55 484
55 528
55 587
55 614
56 5
56 23
56 72
56 96
56 190
56 275
56 713
56 756
57 123
57 297
57 672
58 169
58 260
58 388
58 490
58 526
58 639
58 949
59 75
59 437
59 508
59 532
60 259
60 658
60 672
61 88
61 617
61 681
62 140
63 7
63 156
63 199
63 235
63 317
63 405
63 879
64 370
64 484
64 550
64 564
64 620
64 625
64 741
64 863
64 954
65 398
65 403
66 154
66 172
66 428
66 736
66 826
66 973
67 30
67 49
67 60
67 174
67 433
68 340
68 574
68 595
68 674
69 65
69 85
69 132
69 147
69 583
70 159
70 289
70 381
70 481
71 58
71 317
71 477
71 780
71 983
72 190
72 282
72 632
73 62
73 432
73 783
73 841
74 567
74 746
75 41
75 191
75 372
75 467
76 182
77 78
77 219
77 283
77 327
77 392
77 572
77 619
77 771
77 930
78 25
78 179
78 459
78 653
78 688
78 714
78 938
78 988
79 413
80 26
80 34
80 395
80 497
80 516
80 690
80 735
81 2
81 520
81 613
81 700
81 863
82 34
82 210
82 231
82 335
82 354
82 376
82 456
82 662
82 949
83 203
83 584
83 775
83 824
83 874
84 99
84 177
84 188
84 227
84 347
84 737
84 784
84 864
85 195
85 453
85 506
85 714
85 813
85 935
86 46
86 247
86 463
86 794
86 925
87 643
88 25
88 199
88 389
88 401
88 451
88 613
88 621
88 783
88 940
89 2
89 377
89 585
89 722
89 760
89 871
90 29
90 286
90 433
90 450
90 482
90 883
90 889
90 943
91 325
91 578
91 1000
92 24
92 139
92 369
92 587
92 744
93 36
93 756
93 796
93 806
93 884
93 909
94 73
94 176
94 624
94 672
94 992
95 49
95 76
95 489
95 585
95 918
96 41
96 583
96 954
97 367
97 698
97 762
97 875
98 10
98 115
98 189
98 390
98 501
98 908
98 961
99 123
99 423
99 424
99 876
100 24
100 188
100 622
100 946
100 963
101 131
101 132
101 561
102 22
102 633
102 776
102 811
102 972
103 330
103 642
103 659
103 963
104 245
104 447
104 551
104 624
104 655
104 780
105 38
105 172
105 173
105 424
105 538
105 924
105 991
106 42
106 93
106 222
106 433
106 662
107 237
107 244
107 377
107 498
107 556
107 584
107 672
107 696
107 939
108 514
108 729
108 870
109 353
109 404
109 484
109 742
110 68
110 194
110 213
110 292
110 335
110 496
110 514
110 661
111 77
111 174
111 391
111 425
111 666
111 901
111 925
111 995
112 233
112 429
112 897
113 355
113 384
113 385
113 634
113 808
114 183
114 560
114 863
114 884
115 38
115 314
115 500
115 510
115 669
115 776
115 937
116 618
116 722
116 782
117 12
117 149
117 184
117 201
117 333
117 599
117 841
117 895
118 556
118 642
118 853
119 71
119 224
119 251
119 402
119 622
119 775
120 15
120 373
120 431
120 707
120 777
121 145
121 260
121 496
121 567
121 589
121 710
122 9
122 255
122 330
122 550
122 595
122 778
122 785
123 143
123 602
123 862
124 252
124 524
124 672
124 703
124 827
125 189
125 325
125 392
125 460
125 506
125 520
125 638
125 803
126 65
126 157
126 238
126 276
126 930
127 125
127 314
127 449
127 488
127 564
127 788
127 811
127 983
128 119
128 269
128 755
128 840
128 859
128 988
128 990
129 133
129 198
129 244
129 252
129 326
129 833
129 950
130 30
130 156
130 658
130 790
130 931
131 178
131 186
131 386
131 400
131 448
131 598
131 705
131 753
132 18
132 438
132 597
132 908
133 53
133 288
133 520
133 842
133 843
134 312
134 326
134 392
134 572
134 660
135 57
135 68
135 420
135 574
135 641
135 729
136 82
136 161
136 672
136 833
136 841
137 197
137 237
137 535
137 643
137 710
138 142
138 388
138 574
138 585
138 735
138 808
138 917
139 228
139 895
139 933
140 8
140 238
140 252
140 339
140 409
140 545
140 566
140 655
140 694
140 775
141 62
141 116
141 207
141 451
141 522
141 567
141 962
141 972
142 518
142 625
143 249
143 655
143 816
144 395
144 476
144 584
144 703
144 733
145 242
145 706
145 724
146 3
146 268
146 304
146 640
146 832
146 840
146 895
147 418
147 445
147 537
147 775
148 9
148 81
148 168
148 207
148 347
148 419
148 449
148 555
148 902
149 13
149 41
149 160
149 200
149 453
149 601
150 99
150 235
150 258
150 407
150 798
150 868
150 899
150 913
151 62
151 860
152 474
152 644
153 548
153 623
153 641
153 750
153 993
154 369
154 396
154 592
154 611
154 632
154 758
154 967
155 220
155 255
155 330
155 658
155 671
155 693
155 737
155 879
155 894
155 946
156 130
156 657
156 670
156 765
156 978
157 652
157 750
157 799
157 967
158 31
158 56
158 411
158 450
158 831
158 843
159 97
159 593
159 906
160 131
160 182
160 504
160 652
160 678
161 64
161 98
161 312
161 416
161 551
161 707
162 152
162 263
162 324
162 567
162 639
162 988
163 93
163 614
163 700
163 834
164 449
165 11
165 385
165 552
165 688
165 785
165 916
165 986
166 376
166 477
166 590
166 662
166 716
166 724
167 249
167 272
167 430
167 433
167 457
167 472
167 625
168 52
168 217
168 702
169 16
169 73
169 301
169 345
169 884
170 117
170 510
170 640
170 762
170 1000
171 113
171 282
171 390
171 504
171 542
172 214
172 475
172 549
172 657
172 739
173 260
173 419
174 225
174 311
174 450
174 453
174 705
174 952
175 70
175 174
175 276
175 796
176 158
176 311
177 275
177 489
177 645
177 673
177 850
178 354
178 473
178 748
178 951
179 49
179 343
179 584
179 621
179 709
179 758
179 978
180 263
180 616
180 665
180 741
180 791
180 823
180 887
180 916
181 138
181 335
181 509
181 592
181 626
181 654
181 670
181 891
182 122
182 692
182 696
182 888
182 900
183 41
183 153
183 178
183 202
183 361
183 471
183 664
183 849
184 250
184 481
184 832
185 60
185 387
185 429
185 794
185 863
185 871
185 874
185 994
186 76
186 227
186 580
186 807
186 839
187 218
187 434
187 796
188 53
188 107
188 157
188 393
188 908
188 930
189 145
189 782
189 983
190 57
190 149
190 293
190 522
190 534
190 608
190 643
190 680
190 786
190 860
190 949
190 966
190 983
191 412
191 582
191 730
191 817
192 13
192 120
192 682
192 835
193 517
193 773
193 780
193 916
194 152
194 207
194 490
194 770
194 779
194 788
194 899
195 18
195 81
195 246
195 384
195 774
195 908
195 910
195 963
196 767
196 859
197 871
197 916
198 226
198 328
198 391
198 428
198 594
198 671
198 974
198 977
199 10
199 15
199 127
199 313
199 610
199 697
199 790
199 971
200 495
200 634
200 637
200 992
201 760
201 761
201 864
202 416
202 849
202 885
202 919
203 76
203 350
203 501
203 561
203 574
203 674
203 725
203 879
204 252
204 267
204 467
204 479
204 484
205 256
205 451
205 791
206 291
206 431
206 467
207 50
207 66
207 134
207 191
207 384
207 575
207 765
208 41
208 457
208 489
208 941
209 113
209 294
209 298
209 706
209 989
210 18
210 43
210 219
210 284
210 330
210 391
210 771
210 836
211 284
211 631
212 495
212 710
212 886
213 15
213 45
213 95
213 481
213 490
213 509
213 535
213 766
213 923
214 349
214 432
214 492
214 589
214 850
214 961
215 19
215 130
215 136
215 372
215 656
215 674
215 678
215 859
216 157
216 251
216 449
216 489
216 497
216 789
216 913
217 130
217 566
218 43
218 497
218 539
218 624
218 731
218 943
218 953
219 237
219 594
219 737
220 29
220 87
220 165
220 307
220 671
220 857
220 866
220 894
220 908
221 92
221 179
221 297
221 470
221 560
222 11
222 174
222 378
222 466
222 775
222 854
222 928
222 998
223 188
223 367
223 419
223 517
223 615
223 869
224 100
224 370
224 371
224 633
224 634
224 750
224 754
225 72
225 201
225 710
225 746
225 839
226 291
226 343
227 211
227 284
227 521
227 990
229 66
229 306
229 541
229 807
229 835
229 977
230 515
230 535
230 667
230 875
230 951
231 255
232 238
232 274
232 353
232 762
232 823
233 42
233 73
233 344
233 634
233 638
234 35
234 89
234 98
234 118
235 130
235 301
235 742
236 245
236 381
236 614
236 643
236 885
237 249
237 733
238 96
238 210
238 273
238 364
238 555
238 766
238 881
238 937
239 463
239 561
239 636
239 707
239 927
240 597
240 652
241 112
241 174
241 245
241 452
242 389
242 415
242 419
242 900
242 994
243 218
243 232
243 401
243 459
244 526
244 559
244 841
245 69
245 325
245 777
245 797
245 806
245 957
246 155
246 583
247 389
247 855
248 220
248 443
248 620
248 626
248 844
248 910
248 996
249 93
249 135
249 225
249 277
249 343
249 896
250 96
250 153
250 157
250 183
250 383
250 612
250 779
250 866
251 428
251 537
251 927
252 531
252 595
252 994
253 19
253 134
253 780
253 839
254 9
255 481
255 734
255 768
256 94
256 149
256 274
256 725
256 732
256 788
256 805
256 807
257 12
257 108
257 284
257 499
257 648
257 706
258 236
258 403
258 605
258 614
258 756
259 233
259 740
259 748
259 987
260 39
260 358
260 701
260 902
261 174
261 194
261 298
261 387
261 554
262 337
262 513
262 654
262 672
262 921
263 86
263 159
263 691
263 913
264 555
264 643
264 683
264 959
265 256
265 746
266 206
266 316
266 469
266 490
266 756
267 310
267 455
267 533
267 857
267 928
268 148
268 429
268 462
268 483
268 746
268 931
268 967
269 19
269 62
269 141
269 224
269 426
269 591
269 661
269 794
269 863
269 971
270 371
270 392
270 541
271 565
271 591
271 769
271 932
272 194
272 806
272 817
273 404
273 500
273 810
274 216
274 255
274 326
274 327
274 394
274 915
275 209
275 514
275 702
276 77
276 355
276 445
276 910
277 21
277 314
277 328
277 433
277 540
277 967
278 20
278 432
278 500
278 741
278 889
279 5
279 29
279 79
279 276
279 557
279 908
280 28
280 72
280 240
280 993
281 123
281 300
281 462
281 507
281 917
282 87
282 253
282 409
282 558
282 589
282 706
282 744
282 901
282 947
283 17
283 25
283 83
283 123
283 156
283 183
283 390
283 499
283 526
283 552
283 586
283 633
283 720
283 864
283 980
284 78
284 204
284 294
284 333
284 997
285 83
285 85
285 153
285 308
285 364
285 397
285 460
285 581
286 228
286 368
286 476
287 121
287 293
287 607
287 796
288 281
288 688
288 758
289 57
289 410
289 487
289 518
290 433
290 640
290 765
290 881
291 489
291 643
292 357
292 765
293 301
294 38
294 75
294 305
294 345
294 436
294 530
294 612
295 103
295 890
296 38
297 101
297 156
297 318
297 414
297 887
298 85
298 113
298 204
298 326
298 333
298 439
298 542
298 643
298 720
299 543
299 713
299 853
300 84
300 232
300 269
301 187
301 256
301 437
302 287
302 313
302 478
302 586
302 707
303 176
303 495
303 907
304 396
304 559
304 984
305 191
305 270
305 294
305 348
306 22
306 25
306 164
306 450
306 644
306 688
306 967
306 986
307 396
307 576
307 689
307 930
308 86
308 242
308 577
308 693
308 854
309 250
309 416
309 867
310 549
310 858
311 380
311 493
311 794
312 410
312 909
313 34
313 356
313 869
314 218
314 285
314 826
315 11
315 158
315 210
315 496
315 662
315 811
315 847
315 848
316 108
316 148
316 381
316 441
316 535
316 723
316 876
317 65
317 222
317 256
317 361
317 514
318 76
318 87
318 99
318 190
318 357
318 556
319 181
319 741
319 798
319 999
320 163
320 318
320 326
320 535
320 703
321 131
321 679
322 704
322 738
322 829
322 882
322 920
323 74
323 148
323 270
323 415
323 826
323 906
323 943
324 41
324 296
324 705
324 782
324 800
324 941
325 101
325 160
325 317
326 52
326 150
326 534
326 658
326 795
327 281
327 312
327 782
327 845
328 40
328 180
328 336
328 366
328 449
328 490
328 728
328 848
328 875
329 541
329 926
329 928
329 999
330 82
330 534
330 683
330 705
330 849
330 981
331 75
331 413
331 549
332 263
332 412
333 126
333 218
333 303
333 410
333 449
333 645
334 120
334 139
334 434
334 458
334 494
334 531
334 680
335 96
335 264
335 305
335 664
335 784
335 867
336 21
336 244
336 304
336 399
336 444
336 537
336 647
336 699
336 735
336 971
337 29
337 129
337 229
337 584
337 592
337 992
338 90
338 628
338 803
338 904
339 121
339 391
339 543
339 847
340 341
340 879
341 37
341 241
341 397
341 420
341 486
341 791
342 352
342 629
342 693
342 799
342 814
342 977
343 135
343 675
343 831
344 38
344 335
344 365
344 443
344 635
344 713
344 820
345 37
345 150
345 913
346 100
346 200
346 358
346 811
347 37
347 61
348 163
348 346
348 499
348 599
348 930
349 898
349 919
349 940
349 989
350 269
350 280
350 287
350 308
350 532
350 643
350 808
350 936
350 949
351 525
351 630
351 962
352 379
352 395
352 693
352 780
352 987
353 38
353 109
353 209
353 341
353 348
353 389
353 393
353 494
353 816
353 841
353 873
354 482
354 530
355 219
355 317
355 433
355 467
355 477
355 482
355 670
355 977
356 291
356 440
356 753
357 53
357 381
357 740
357 811
358 421
359 237
359 347
359 362
359 529
359 797
359 894
359 895
359 931
360 56
360 75
360 880
361 204
361 251
361 820
362 493
362 666
363 101
363 317
363 433
363 690
364 69
364 91
364 497
365 28
365 327
365 665
365 939
366 542
366 574
366 926
367 118
367 186
367 285
367 552
367 855
367 875
367 888
367 902
368 26
368 366
368 394
368 496
368 657
369 55
369 197
369 751
370 149
370 196
370 270
370 369
370 440
370 957
370 985
371 1
371 236
371 321
371 405
371 619
371 676
371 704
372 115
372 504
372 969
372 978
372 984
373 428
373 665
373 878
374 128
374 357
374 914
375 202
375 258
375 268
375 273
375 673
376 212
376 250
376 436
376 582
376 657
376 702
376 911
377 138
377 881
378 19
378 204
378 278
378 392
378 495
378 513
378 635
378 707
379 60
379 263
379 281
379 382
379 415
379 843
380 26
380 118
380 134
380 367
380 506
380 706
380 831
381 35
381 91
381 676
381 756
381 894
382 129
382 298
382 359
382 685
382 944
383 220
383 260
383 448
383 906
384 103
384 123
384 255
384 605
385 229
385 423
385 851
385 946
386 444
386 606
386 744
386 946
387 35
387 157
387 162
387 267
387 302
387 404
387 541
387 825
387 931
388 197
388 422
388 846
389 7
389 37
389 220
389 320
389 409
389 677
389 869
389 922
390 246
390 677
391 693
391 906
392 20
392 33
392 174
392 225
392 426
392 552
392 578
392 581
392 618
393 588
393 771
393 924
393 971
394 100
394 189
394 210
394 906
394 916
394 944
394 997
395 5
395 34
395 108
395 152
395 361
395 494
395 578
395 637
395 672
395 982
396 52
396 513
396 726
397 181
397 341
397 756
398 120
398 131
398 216
398 331
398 695
399 216
399 307
399 360
399 604
400 211
400 674
400 681
400 796
401 241
401 367
401 425
401 485
401 814
402 19
402 229
402 490
402 648
402 890
403 34
403 43
403 368
403 386
403 883
404 23
404 129
404 335
404 426
404 473
404 492
404 498
405 85
405 305
405 557
406 229
406 272
406 326
406 527
406 540
406 575
406 693
406 959
406 987
407 193
407 376
407 909
408 200
408 515
408 645
408 786
409 64
409 100
409 111
409 199
409 362
409 532
409 626
409 880
409 919
410 395
410 632
410 675
411 7
411 199
411 269
411 533
411 711
411 937
411 978
412 46
412 380
412 422
412 841
413 109
413 332
413 568
413 785
414 283
414 747
414 826
415 73
415 74
415 428
415 679
415 825
415 838
415 924
416 88
416 121
416 217
416 712
416 753
416 796
416 858
416 884
417 221
417 231
417 287
417 293
417 353
417 368
417 573
417 644
417 957
418 620
418 680
418 817
418 929
419 344
419 754
419 775
420 289
420 409
420 512
421 62
421 321
421 442
421 493
421 787
421 791
422 12
422 122
422 427
422 471
422 472
422 576
422 704
422 946
423 337
423 546
424 11
424 213
424 250
424 514
424 526
424 708
424 804
424 835
424 861
424 879
424 969
425 147
425 173
425 256
425 636
425 964
426 143
426 413
426 461
426 585
426 966
427 66
427 135
427 251
427 331
427 624
427 750
427 825
427 971
428 516
428 737
429 169
429 173
429 411
429 434
429 441
429 769
429 810
429 942
430 60
430 101
430 358
430 390
430 658
430 765
430 916
431 172
431 277
432 131
432 601
432 986
433 91
433 159
433 271
433 332
433 603
433 651
433 866
434 134
434 522
434 577
435 91
435 697
436 22
436 498
437 322
437 324
437 399
437 422
437 450
437 457
437 828
437 958
438 189
438 471
438 557
438 558
438 621
438 819
438 829
438 879
439 93
439 114
439 260
439 741
439 940
440 222
440 244
440 289
440 837
441 108
441 149
441 218
441 496
441 596
441 677
441 775
441 908
442 108
442 149
442 174
442 319
442 456
442 968
443 71
443 362
443 535
443 580
443 979
444 260
444 486
444 622
444 943
445 43
445 215
445 431
445 521
445 604
446 549
446 627
446 833
447 121
447 149
447 253
447 936
447 950
447 957
447 987
448 42
448 356
448 461
448 479
448 910
449 79
449 194
449 287
449 364
449 734
449 779
449 863
450 333
450 347
450 597
450 754
450 771
450 881
451 421
451 582
451 693
451 803
452 412
452 714
452 870
452 913
452 967
453 97
453 304
453 864
453 945
453 999
454 534
454 646
455 233
455 253
455 330
455 930
456 16
456 43
456 483
456 844
457 292
457 317
457 662
458 190
458 476
458 694
458 701
458 823
459 8
459 384
459 591
459 779
460 200
460 282
460 502
461 288
461 391
461 702
461 725
461 755
461 989
462 194
462 281
462 395
462 481
462 823
462 964
463 539
463 672
464 243
464 268
464 296
464 465
464 576
464 660
464 868
465 14
465 240
465 309
465 563
465 617
465 784
466 380
466 630
466 911
467 45
467 217
467 361
467 399
467 417
467 466
467 609
467 619
468 46
468 358
468 532
468 771
469 59
469 187
469 348
469 564
469 643
469 796
470 146
470 637
470 897
470 953
470 955
471 21
471 72
471 74
471 200
471 372
471 577
471 966
472 544
473 208
473 236
473 251
473 353
473 453
473 624
473 634
473 848
474 131
474 226
474 228
474 304
474 332
474 389
474 878
475 114
475 516
475 830
476 23
476 192
476 512
476 765
477 47
477 65
477 243
477 465
477 492
477 616
477 777
477 971
478 113
478 436
478 567
479 83
479 116
479 623
479 673
479 739
480 84
480 758
480 798
480 801
480 820
481 636
482 239
482 339
482 594
482 976
483 163
484 453
484 463
484 752
484 864
485 55
485 136
485 166
485 347
485 464
485 657
485 928
485 994
486 302
486 615
487 87
487 204
487 288
487 419
487 568
487 825
488 51
488 523
488 724
488 858
489 14
489 308
489 385
489 471
489 828
489 919
490 169
490 341
490 504
490 512
490 993
491 116
491 127
491 138
491 259
491 444
491 917
492 24
492 237
492 262
492 410
492 595
492 627
492 658
492 827
492 895
492 903
492 995
493 379
493 559
493 819
494 318
494 870
495 85
495 348
495 517
495 560
495 865
495 926
496 5
496 171
496 205
496 324
496 441
497 517
497 754
497 863
498 351
498 503
498 537
499 312
499 371
499 555
499 647
499 685
499 800
499 989
500 126
500 299
500 541
500 808
500 916
501 30
501 205
501 564
501 594
502 162
502 639
502 762
503 52
503 292
503 328
503 449
503 477
503 927
504 2
504 20
504 289
504 469
504 902
504 976
505 62
505 743
505 815
506 53
506 340
506 550
506 844
507 560
507 593
507 819
507 966
507 977
508 77
508 294
508 300
508 619
508 753
508 858
509 9
509 105
509 308
509 830
509 842
510 270
510 345
510 444
510 817
511 270
511 307
511 443
511 754
511 767
511 920
511 922
512 181
512 182
512 189
512 192
512 286
512 597
512 720
512 978
513 229
513 310
514 815
515 229
515 340
515 859
515 933
516 10
516 279
516 515
516 765
516 865
517 988
518 32
518 145
518 269
518 482
518 557
518 685
518 754
519 211
519 291
519 300
520 79
520 201
520 204
520 985
521 211
521 752
522 15
522 46
522 261
522 268
522 334
522 429
522 443
522 524
522 590
522 871
522 880
523 106
523 430
523 736
524 5
524 316
524 374
524 393
524 703
524 971
525 95
525 160
525 203
525 234
525 918
525 957
526 459
526 512
526 881
527 56
527 77
527 215
527 355
527 667
527 683
527 761
528 173
528 192
528 348
528 533
528 725
528 829
529 417
529 845
529 874
529 966
530 119
530 409
530 470
530 595
530 895
531 78
531 743
531 748
531 766
532 151
532 329
532 496
532 518
532 568
532 940
532 958
533 101
533 873
534 214
534 255
534 308
534 326
534 339
534 675
534 731
535 70
535 153
535 548
535 709
535 876
535 879
535 913
535 988
536 22
536 159
536 285
536 463
536 551
536 581
536 774
536 808
537 5
537 240
537 336
537 359
537 509
537 605
537 610
538 33
538 704
538 828
539 309
539 311
539 420
539 520
539 832
539 899
539 930
540 200
540 203
540 417
540 431
540 579
540 738
541 246
541 552
541 667
541 881
542 991
543 223
543 427
543 587
543 734
544 86
544 116
544 517
544 969
545 39
545 337
545 648
545 726
545 779
545 869
546 466
546 683
546 917
547 117
547 289
547 406
547 442
547 604
547 649
547 660
547 824
547 963
548 67
548 286
548 600
548 687
548 738
549 184
549 254
549 353
549 428
549 513
549 516
550 86
550 405
551 9
551 412
551 716
551 797
552 189
552 203
552 222
552 328
552 380
552 387
552 404
552 446
552 490
552 843
552 864
552 873
552 906
552 975
553 304
553 427
553 740
553 784
554 47
554 805
555 844
555 969
556 157
556 871
557 333
557 520
557 792
557 914
558 62
558 258
558 316
558 479
558 568
559 27
559 174
559 576
559 672
559 767
559 866
560 24
560 62
560 883
561 281
561 302
561 348
561 419
562 471
562 695
563 244
563 301
563 369
563 377
563 498
564 77
564 282
564 418
564 478
564 545
564 595
564 605
564 633
564 763
565 104
565 290
565 437
565 476
565 530
565 536
566 423
566 462
566 487
566 541
566 607
566 658
567 591
567 593
567 774
567 984
568 178
568 461
568 870
569 75
569 319
569 324
569 678
569 969
570 364
570 541
571 710
571 802
572 65
572 77
572 320
572 890
573 73
573 579
573 594
573 676
573 704
573 788
574 37
574 105
574 226
574 250
574 435
575 204
575 432
576 42
576 190
576 396
577 150
577 304
577 924
578 388
578 683
578 719
578 789
578 828
578 854
578 939
579 23
580 80
580 473
580 543
580 828
581 9
581 263
581 586
581 595
581 775
581 857
581 862
581 937
582 16
582 351
582 413
582 547
582 880
583 258
583 396
583 426
583 617
583 786
584 159
584 392
584 404
585 51
585 356
585 727
585 843
585 925
586 87
586 387
586 490
586 878
586 955
587 198
587 200
587 353
587 395
587 537
587 594
587 762
587 809
588 604
588 710
588 903
589 62
589 141
589 274
589 409
589 519
589 951
590 31
590 164
590 492
590 557
590 788
590 837
591 385
591 717
591 800
592 325
592 626
592 949
592 962
593 146
593 196
593 409
593 415
593 425
593 766
593 932
594 168
594 572
594 618
594 629
594 787
595 87
595 275
595 305
595 373
595 628
595 807
595 857
595 978
596 974
597 234
597 507
597 704
598 124
598 439
598 444
598 532
598 561
598 619
598 967
599 673
599 781
599 874
599 923
600 52
600 55
600 188
600 662
600 700
600 829
601 487
601 839
601 876
601 912
602 197
602 272
602 349
602 533
602 588
602 673
602 720
602 809
603 193
603 204
603 266
603 675
603 960
603 979
603 997
604 278
604 414
604 540
604 554
605 303
605 676
606 250
606 377
606 473
607 43
607 208
607 313
607 443
607 584
607 656
607 811
607 884
607 914
607 929
607 983
608 112
608 247
608 468
608 564
608 601
608 753
608 882
609 446
609 466
609 469
609 598
609 835
609 924
609 965
610 94
610 234
610 307
610 817
610 986
611 121
611 146
611 313
611 817
612 126
612 254
612 701
612 724
612 768
613 589
613 732
614 38
614 909
614 978
615 296
615 477
615 686
615 716
615 898
616 271
616 605
616 842
617 306
617 428
617 654
617 740
617 963
618 430
618 450
618 594
618 706
618 770
618 939
619 244
619 580
619 868
620 438
620 659
620 908
621 196
621 255
621 289
621 601
622 107
622 527
622 774
623 221
623 467
623 655
623 670
623 887
624 9
624 179
624 602
624 752
624 925
625 254
625 271
625 746
626 60
626 73
626 486
626 529
626 744
626 832
626 933
626 948
627 18
627 306
627 393
627 591
627 623
627 920
627 921
628 78
628 432
628 448
628 499
628 724
628 753
629 82
629 301
629 421
629 457
629 469
629 556
629 589
629 638
629 814
630 8
630 241
630 456
630 743
630 816
630 884
630 952
631 224
631 295
631 378
631 413
631 546
632 242
632 432
632 514
632 646
632 737
632 775
632 908
633 54
633 145
633 286
633 317
633 734
633 754
633 829
634 399
634 645
634 662
634 697
635 71
635 109
635 818
635 855
635 965
635 1000
636 65
636 227
636 327
636 407
636 516
636 543
636 633
637 429
637 507
637 620
638 188
638 322
638 493
638 549
638 580
638 586
638 912
639 17
639 31
639 245
639 444
639 517
639 665
639 797
639 931
640 16
640 50
640 554
640 770
641 349
641 440
641 524
641 748
641 875
641 909
641 930
642 56
642 242
642 246
642 278
642 309
642 365
642 561
642 984
643 409
643 494
643 702
644 113
644 158
644 303
644 447
644 727
644 873
645 135
645 229
645 385
645 704
645 902
646 277
646 388
647 70
647 509
647 540
647 580
647 585
647 612
647 698
647 700
648 209
648 705
648 880
649 71
649 163
649 174
649 337
649 407
649 881
650 42
650 71
650 185
650 285
650 312
650 639
650 688
650 921
651 102
651 532
651 683
651 947
652 150
652 321
652 500
652 784
653 169
653 362
653 474
653 544
653 618
653 830
653 988
654 34
654 299
654 337
654 573
654 639
655 114
655 168
655 201
655 360
655 463
655 593
655 624
655 808
656 21
656 360
656 419
656 541
656 644
656 829
657 52
657 161
657 321
657 628
658 482
658 630
658 705
658 745
659 336
659 899
660 176
660 817
660 942
660 992
661 187
661 496
661 502
661 685
661 810
661 829
662 410
662 889
663 19
663 286
663 355
663 410
664 446
664 585
664 741
664 775
665 227
665 307
665 608
665 704
665 748
665 829
665 855
666 80
666 192
666 403
666 475
667 23
667 661
667 750
667 918
668 72
668 167
668 189
668 338
668 362
668 527
669 624
669 802
669 934
670 18
670 190
670 250
670 428
670 484
671 134
671 244
671 601
671 639
671 640
671 684
671 979
672 321
672 496
672 685
672 903
672 911
673 324
673 442
673 502
673 649
674 377
674 483
674 633
674 760
674 876
674 910
675 283
675 363
675 700
675 790
675 799
676 291
676 399
676 518
676 554
676 718
677 114
677 378
677 500
677 868
678 382
679 308
679 513
679 798
679 855
679 929
680 388
680 826
680 920
681 24
681 101
681 511
681 625
681 821
681 847
682 66
682 128
682 213
682 809
682 889
683 71
683 160
683 271
683 676
683 681
683 937
684 49
684 161
684 529
684 823
684 954
685 45
685 197
685 233
685 308
685 684
685 945
685 974
685 995
686 26
686 265
686 703
687 76
687 196
687 339
687 389
687 548
687 823
687 893
687 934
688 61
688 84
688 128
688 250
688 301
688 637
689 67
689 121
689 342
689 364
689 850
690 190
690 408
690 439
690 708
690 753
691 128
691 746
691 875
692 58
692 87
692 221
692 231
692 316
692 393
692 401
692 699
692 705
692 866
692 988
693 318
693 400
693 425
693 464
693 844
694 64
694 639
694 706
694 869
695 300
695 391
695 574
696 441
696 540
696 943
697 768
697 884
698 229
698 503
698 881
699 37
699 208
699 273
699 363
699 906
699 942
700 79
700 91
700 914
700 952
701 62
701 508
701 549
702 142
702 336
702 386
702 544
702 555
703 158
703 545
703 659
704 398
704 802
704 908
705 369
705 460
705 507
705 567
705 636
705 821
706 525
707 59
707 342
707 388
707 482
707 642
707 666
708 135
708 169
708 426
708 775
708 828
708 937
708 969
709 441
709 560
709 720
709 728
709 744
709 795
709 803
709 849
709 860
710 184
710 629
710 842
710 864
711 640
711 811
711 958
711 977
712 66
712 228
712 737
712 746
712 784
712 853
712 905
713 35
713 61
713 136
713 230
713 333
713 484
713 579
713 665
713 822
713 985
714 383
714 494
714 547
714 600
714 636
714 938
715 671
715 859
716 277
716 315
716 333
716 448
716 546
716 550
716 885
717 52
717 78
717 131
717 156
717 336
717 548
717 562
717 590
717 658
717 851
717 875
718 82
718 508
718 559
719 37
719 216
719 417
719 483
719 582
719 773
720 144
720 633
721 760
721 794
721 805
721 893
721 976
722 105
722 134
722 169
722 176
722 324
722 402
722 738
722 755
722 880
723 19
723 49
723 202
723 284
723 314
723 800
724 39
724 206
724 297
725 211
725 284
725 561
725 578
725 596
725 794
726 46
726 191
726 315
726 428
726 517
726 600
727 127
727 171
727 851
727 859
727 899
728 147
728 218
728 220
728 351
728 559
728 628
728 942
728 976
728 978
729 439
729 768
729 783
729 798
729 917
730 54
730 262
730 288
730 489
730 534
730 677
730 684
730 892
730 902
731 156
731 215
732 366
732 374
732 544
732 621
732 995
733 204
733 519
733 549
734 211
734 655
735 15
735 101
735 353
735 452
736 553
736 744
736 945
736 963
737 25
737 84
737 489
737 793
737 961
739 576
739 823
740 96
740 181
740 541
740 886
741 11
741 292
741 373
741 420
741 704
742 76
742 164
742 421
742 714
742 736
742 895
742 911
743 52
743 232
743 377
743 508
744 314
744 359
744 384
744 440
744 459
744 502
744 897
745 55
745 410
745 449
745 495
745 558
745 625
745 810
746 55
746 357
746 735
746 971
747 56
747 70
747 111
747 134
747 190
747 259
747 489
747 503
747 520
747 615
748 84
748 505
748 734
748 856
749 93
749 285
749 397
749 900
750 202
750 511
750 741
750 765
750 797
751 39
751 411
751 672
751 686
751 884
751 923
751 953
752 221
752 285
752 733
752 765
752 896
752 927
752 995
753 24
753 39
753 51
753 363
753 596
753 714
753 851
754 20
754 130
754 313
754 448
754 837
755 689
755 759
755 785
755 923
756 124
756 183
756 334
756 350
756 605
757 100
757 148
757 170
757 356
757 469
757 665
757 744
757 756
757 788
757 887
758 127
758 554
758 581
759 85
759 176
759 246
759 265
759 761
759 767
759 927
759 997
760 69
760 587
760 613
760 655
760 993
761 15
761 210
761 527
761 958
762 37
762 152
762 171
762 308
762 420
762 515
762 576
762 653
763 162
763 252
763 279
763 390
763 450
763 495
763 938
763 980
764 153
764 203
764 745
764 885
765 77
765 258
765 448
765 898
765 927
765 960
766 319
766 614
766 673
766 838
767 16
767 361
767 484
767 642
767 657
767 748
767 771
767 827
767 911
768 286
768 444
769 240
770 168
770 180
770 249
770 319
770 383
770 489
770 578
770 668
771 282
771 702
771 837
771 952
772 313
772 596
773 47
774 279
774 318
774 631
775 198
776 21
776 227
776 426
776 439
776 454
777 153
777 219
777 293
777 395
777 657
777 969
778 254
778 284
779 44
779 79
779 269
779 437
780 84
780 455
780 880
780 972
781 196
781 956
781 958
782 463
782 501
782 663
783 125
783 375
783 875
784 112
784 820
785 175
785 257
785 368
785 392
785 636
785 784
786 113
787 107
787 648
788 68
788 246
788 258
788 346
788 363
788 478
788 930
789 19
789 173
789 677
789 715
789 939
790 405
790 852
791 196
791 205
791 225
791 291
791 430
791 617
791 732
791 936
792 182
792 315
792 665
792 750
793 75
793 102
793 217
793 282
793 316
793 740
793 805
794 33
794 191
794 497
794 763
794 876
794 948
795 87
795 131
795 182
795 234
795 257
795 798
795 956
795 972
796 111
796 146
796 292
796 404
796 591
796 605
796 870
796 896
796 956
797 7
797 47
797 134
798 46
798 60
798 111
798 159
798 355
798 457
798 769
798 881
799 265
799 667
799 785
800 362
800 463
800 775
800 859
801 450
801 611
801 912
801 962
802 483
802 643
802 644
803 432
803 450
803 813
804 117
804 295
804 767
805 456
805 457
805 608
805 921
806 227
806 330
806 348
806 549
806 851
807 33
807 164
807 178
807 216
807 360
807 826
807 964
807 996
808 521
808 564
808 586
808 860
809 223
809 419
809 669
809 831
809 904
809 978
810 110
810 623
810 914
811 295
811 351
811 487
811 699
811 851
812 127
812 330
812 836
813 106
813 263
813 411
813 470
813 586
813 789
813 805
813 882
814 115
814 333
814 469
814 935
814 956
815 82
815 645
815 773
815 808
816 38
816 167
816 260
816 273
816 595
816 662
817 110
817 276
817 445
817 881
817 988
818 366
818 722
819 172
819 185
819 350
819 601
819 815
820 342
820 510
820 751
820 978
821 69
821 93
821 353
821 400
821 539
821 856
821 975
822 84
822 147
822 346
823 788
823 865
823 939
824 21
824 382
824 453
824 740
824 913
825 29
825 89
825 90
825 571
825 765
825 992
826 35
826 191
826 461
826 828
826 987
827 128
827 647
827 652
827 710
827 764
827 990
828 113
828 153
828 575
828 588
828 616
829 451
829 460
829 565
829 603
829 695
829 726
829 908
830 38
830 71
830 182
830 231
830 404
831 33
831 125
831 342
831 767
831 927
832 978
833 94
833 221
833 276
833 333
833 724
833 771
833 779
834 87
834 120
834 325
834 338
834 424
834 659
835 19
835 168
835 208
835 214
835 263
835 272
835 682
836 44
836 111
836 627
836 744
836 940
837 54
837 91
837 157
837 289
837 422
837 619
838 43
838 110
838 344
838 359
838 499
838 563
838 577
838 736
839 32
839 33
839 38
839 68
839 86
839 426
839 613
840 28
840 387
840 551
840 832
840 878
840 898
841 406
841 502
841 578
842 70
842 314
842 602
842 604
842 682
842 741
842 908
843 240
843 290
843 318
843 431
843 492
843 597
844 143
844 451
844 706
845 223
845 459
845 545
845 667
845 887
845 912
846 218
846 389
846 672
846 808
847 274
847 388
847 481
847 657
847 699
847 844
848 197
848 335
848 435
848 523
848 678
848 888
848 930
849 550
849 711
849 970
850 267
850 450
850 499
850 549
850 949
851 283
851 372
851 544
851 839
851 867
852 1
852 653
852 792
852 933
852 969
853 333
853 582
853 747
853 778
854 344
854 417
854 422
854 478
854 838
855 134
855 151
855 160
855 369
855 434
855 567
855 724
855 849
855 859
855 897
855 944
856 86
856 220
856 246
856 337
856 381
856 402
856 586
856 635
856 740
856 750
856 884
857 284
857 460
857 620
858 237
858 631
858 676
859 59
859 263
859 393
859 917
859 950
860 582
861 142
861 151
862 69
862 291
862 322
862 896
862 998
863 16
863 94
863 130
863 253
863 303
863 937
864 716
864 802
864 881
864 900
864 915
864 941
864 956
865 156
865 336
865 413
865 741
865 810
865 984
866 597
866 611
866 833
867 30
867 453
868 71
868 297
868 401
868 407
868 419
868 436
868 783
868 825
868 953
868 956
869 231
869 300
869 441
869 844
869 946
870 26
870 113
870 353
870 556
870 639
870 806
870 831
871 208
871 388
871 412
871 435
872 80
872 347
872 415
872 457
873 14
873 267
873 289
873 430
873 732
874 39
874 140
874 169
874 535
875 237
875 293
875 456
875 707
875 951
876 9
876 95
876 567
876 725
877 3
877 426
877 474
877 508
877 712
877 783
877 884
878 1
878 214
878 312
879 84
879 285
879 996
880 105
880 312
880 416
880 656
880 692
880 877
880 940
880 968
881 48
881 115
881 459
881 910
882 85
882 247
882 717
883 245
883 355
883 629
883 848
884 139
884 151
884 161
884 825
884 889
885 296
885 315
885 380
885 393
885 985
886 216
886 525
886 661
886 826
886 854
887 54
887 210
887 283
887 297
887 582
888 123
888 531
888 951
889 2
889 240
889 253
889 375
889 555
889 714
889 827
889 830
889 864
889 981
890 66
890 70
890 208
890 448
890 495
890 507
890 559
890 722
890 726
890 991
891 191
891 212
891 444
891 514
891 706
891 715
891 753
891 917
891 935
892 92
892 151
892 533
892 543
892 712
892 791
893 100
893 355
893 597
893 983
894 83
894 507
894 863
894 966
895 246
895 679
895 700
895 930
895 951
896 36
896 223
896 284
896 729
896 824
896 995
897 83
897 304
897 323
897 379
897 395
897 411
897 437
897 488
897 610
897 629
897 653
898 231
898 233
898 398
898 409
898 424
898 485
898 844
898 911
899 2
899 127
899 298
899 314
899 317
899 366
899 376
899 529
899 796
899 826
899 928
900 253
900 288
900 404
900 645
900 783
900 851
901 474
901 508
901 636
901 885
902 27
902 163
902 773
902 971
903 123
903 128
903 919
903 983
904 178
904 381
904 496
905 349
905 470
905 753
905 777
906 12
906 183
906 297
906 412
906 530
906 640
906 662
906 850
907 50
907 203
907 210
907 450
907 641
907 642
907 740
908 231
908 611
908 631
908 905
909 63
909 428
909 871
909 891
910 254
910 371
910 463
910 484
910 538
910 561
911 53
911 256
911 312
911 347
911 682
911 758
911 799
911 987
912 128
912 395
913 836
913 921
914 219
914 228
914 367
914 468
914 538
914 801
915 85
915 146
915 297
915 329
915 553
915 592
915 693
915 790
915 814
916 72
916 279
917 295
917 594
917 777
917 910
918 452
918 693
918 717
918 971
918 986
918 998
919 31
919 96
919 116
919 169
919 443
919 599
919 695
920 200
920 534
920 604
920 644
920 737
920 758
921 277
921 319
921 478
921 937
922 598
922 655
922 674
923 91
923 258
923 650
924 43
924 658
924 767
924 796
925 87
925 220
925 234
925 486
925 497
925 579
926 186
926 270
926 284
926 424
926 563
926 894
927 182
927 335
927 480
927 568
927 851
927 917
927 941
927 946
928 48
928 69
928 496
928 940
929 96
929 333
929 387
929 421
929 760
929 861
930 453
930 768
930 769
931 51
931 116
931 503
931 540
931 819
931 831
932 225
932 434
932 710
933 163
933 347
933 621
933 934
934 55
934 110
934 336
934 416
934 605
934 702
934 730
934 809
934 990
935 13
935 144
935 445
935 759
935 765
935 968
935 995
936 9
936 35
936 101
936 151
936 751
936 790
937 22
937 28
937 170
937 626
937 921
938 568
938 777
938 828
939 292
939 495
940 942
941 19
941 55
941 111
941 235
941 259
941 694
942 498
942 716
942 858
942 936
942 959
943 134
943 498
943 894
943 954
943 978
944 217
944 240
944 266
944 601
944 893
944 989
945 2
945 46
945 57
945 262
945 327
945 471
945 675
945 968
946 155
946 597
947 20
947 168
947 236
947 309
947 521
947 814
948 361
948 603
949 630
950 4
950 61
950 97
950 157
950 210
950 451
950 464
950 871
950 906
951 210
951 220
951 728
951 787
951 870
952 35
952 159
952 315
952 603
953 17
953 160
953 487
953 770
954 275
954 337
954 698
954 910
955 171
955 195
955 427
955 597
955 603
955 663
955 705
955 738
956 121
956 287
956 689
956 907
957 227
957 352
958 193
958 322
958 699
958 783
958 820
958 867
959 132
959 674
959 936
960 112
960 380
960 551
960 670
960 910
960 987
961 690
962 161
962 372
962 391
962 833
963 41
963 429
963 450
963 535
963 742
964 233
964 473
964 1000
965 25
965 351
965 369
965 585
965 697
965 903
965 967
966 166
966 548
966 747
966 763
966 852
967 135
967 138
967 173
967 212
967 227
967 522
967 596
967 686
967 845
967 932
968 80
968 199
968 588
968 699
969 20
969 236
969 491
969 615
969 874
970 23
970 158
970 171
970 186
970 282
970 300
970 356
970 504
970 523
970 698
970 763
970 829
971 233
971 311
971 429
971 708
971 898
971 905
972 80
972 140
972 168
972 307
972 382
972 431
972 508
973 46
973 73
973 92
973 182
973 284
973 317
973 750
973 770
973 800
974 26
974 346
974 376
974 440
974 964
975 257
975 320
975 411
976 54
977 47
977 235
977 574
977 659
977 708
977 770
977 777
977 933
978 954
979 229
979 238
979 326
979 360
979 845
980 474
980 533
980 693
980 700
980 848
980 925
981 309
981 472
981 596
981 817
982 126
982 213
982 267
982 450
982 510
982 668
983 88
983 371
983 390
983 407
983 439
983 482
983 536
983 586
983 693
983 734
983 758
984 80
984 195
984 684
984 956
985 168
985 195
985 426
985 506
985 679
985 879
985 981
986 25
986 113
986 181
986 349
986 544
986 906
987 217
987 342
987 404
987 428
987 531
988 165
988 335
988 373
988 440
988 607
988 662
988 747
988 809
989 467
989 803
989 955
990 302
990 343
990 680
990 803
991 194
991 583
991 868
991 906
992 156
992 349
992 458
992 751
992 795
992 929
993 144
993 371
993 609
993 693
993 728
994 20
994 236
994 356
994 661
995 161
995 262
995 365
995 452
995 771
996 26
996 153
996 296
996 347
996 428
996 479
996 509
997 719
997 872
997 931
997 950
998 228
998 237
998 305
998 341
998 441
998 601
999 888
999 926
1000 78
1000 645
1000 966
1002 1001
1003 1002
1004 1003
1005 1004
1006 1005
1007 1006
1008 1007
1009 1008
1010 1009
1011 1010
1012 1011
1013 1012
1014 1013
1015 1014
1016 1015
1017 1016
1018 1017
1019 1018
1020 1019
1021 1020
1022 1021
1023 1022
1024 1023
1025 1024
1026 1025
1027 1026
1028 1027
1029 1028
1030 1029
1031 1030
1032 1031
1033 1032
1034 1033
1035 1034
1036 1035
1037 1036
1038 1037
1039 1038
1040 1039
1041 1040
1042 1041
1043 1042
1044 1043
1045 1044
1046 1045
1047 1046
1048 1047
1049 1048
1050 1049
1051 1050
1052 1051
1053 1052
1054 1053
1055 1054
1056 1055
1057 1056
1058 1057
1059 1058
1060 1059
1061 1060
1062 1061
1063 1062
1064 1063
1065 1064
1066 1065
1067 1066
1068 1067
1069 1068
1070 1069
1071 1070
1072 1071
1073 1072
1074 1073
1075 1074
1076 1075
1077 1076
1078 1077
1079 1078
1080 1079
1081 1080
1082 1081
1083 1082
1084 1083
1085 1084
1086 1085
1087 1086
1088 1087
1089 1088
1090 1089
1091 1090
1092 1091
1093 1092
1094 1093
1095 1094
1096 1095
1097 1096
1098 1097
1099 1098
1100 1099
1101 1100
1102 1101
1103 1102
1104 1103
1105 1104
1106 1105
1107 1106
1108 1107
1109 1108
1110 1109
1111 1110
1112 1111
1113 1112
1114 1113
1115 1114
1116 1115
1117 1116
1118 1117
1119 1118
1120 1119
1121 1120
1122 1121
1123 1122
1124 1123
1125 1124
1126 1125
1127 1126
1128 1127
1129 1128
1130 1129
1131 1130
1132 1131
1133 1132
1134 1133
1135 1134
1136 1135
1137 1136
1138 1137
1139 1138
1140 1139
1141 1140
1142 1141
1143 1142
1144 1143
1145 1144
1146 1145
1147 1146
1148 1147
1149 1148
1150 1149
1151 1150
1152 1151
1153 1152
1154 1153
1155 1154
1156 1155
1157 1156
1158 1157
1159 1158
1160 1159
1161 1160
1162 1161
1163 1162
1164 1163
1165 1164
1166 1165
1167 1166
1168 1167
1169 1168
1170 1169
1171 1170
1172 1171
1173 1172
1174 1173
1175 1174
1176 1175
1177 1176
1178 1177
1179 1178
1180 1179
1181 1180
1182 1181
1183 1182
1184 1183
1185 1184
1186 1185
1187 1186
1188 1187
1189 1188
1190 1189
1191 1190
1192 1191
1193 1192
1194 1193
1195 1194
1196 1195
1197 1196
1198 1197
1199 1198
1200 1199
1201 1200
1202 1201
1203 1202
1204 1203
1205 1204
1206 1205
1207 1206
1208 1207
1209 1208
1210 1209
1211 1210
1212 1211
1213 1212
1214 1213
1215 1214
1216 1215
1217 1216
1218 1217
1219 1218
1220 1219
1221 1220
1222 1221
1223 1222
1224 1223
1225 1224
1226 1225
1227 1226
1228 1227
1229 1228
1230 1229
1231 1230
1232 1231
1233 1232
1234 1233
1235 1234
1236 1235
1237 1236
1238 1237
1239 1238
1240 1239
1241 1240
1242 1241
1243 1242
1244 1243
1245 1244
1246 1245
1247 1246
1248 1247
1249 1248
1250 1249
1251 1250
1252 1251
1253 1252
1254 1253
1255 1254
1256 1255
1257 1256
1258 1257
1259 1258
1260 1259
1261 1260
1262 1261
1263 1262
1264 1263
1265 1264
1266 1265
1267 1266
1268 1267
1269 1268
1270 1269
1271 1270
1272 1271
1273 1272
1274 1273
1275 1274
1276 1275
1277 1276
1278 1277
1279 1278
1280 1279
1281 1280
1282 1281
1283 1282
1284 1283
1285 1284
1286 1285
1287 1286
1288 1287
1289 1288
1290 1289
1291 1290
1292 1291
1293 1292
1294 1293
1295 1294
1296 1295
1297 1296
1298 1297
1299 1298
1300 1299
1301 1300
1302 1301
1303 1302
1304 1303
1305 1304
1306 1305
1307 1306
1308 1307
1309 1308
1310 1309
1311 1310
1312 1311
1313 1312
1314 1313
1315 1314
1316 1315
1317 1316
1318 1317
1319 1318
1320 1319
1321 1320
1322 1321
1323 1322
1324 1323
1325 1324
1326 1325
1327 1326
1328 1327
1329 1328
1330 1329
1331 1330
1332 1331
1333 1332
1334 1333
1335 1334
1336 1335
1337 1336
1338 1337
1339 1338
1340 1339
1341 1340
1342 1341
1343 1342
1344 1343
1345 1344
1346 1345
1347 1346
1348 1347
1349 1348
1350 1349
1351 1350
1352 1351
1353 1352
1354 1353
1355 1354
1356 1355
1357 1356
1358 1357
1359 1358
1360 1359
1361 1360
1362 1361
1363 1362
1364 1363
1365 1364
1366 1365
1367 1366
1368 1367
1369 1368
1370 1369
1371 1370
1372 1371
1373 1372
1374 1373
1375 1374
1376 1375
1377 1376
1378 1377
1379 1378
1380 1379
1381 1380
1382 1381
1383 1382
1384 1383
1385 1384
1386 1385
1387 1386
1388 1387
1389 1388
1390 1389
1391 1390
1392 1391
1393 1392
1394 1393
1395 1394
1396 1395
1397 1396
1398 1397
1399 1398
1400 1399
1401 1400
1402 1401
1403 1402
1404 1403
1405 1404
1406 1405
1407 1406
1408 1407
1409 1408
1410 1409
1411 1410
1412 1411
1413 1412
1414 1413
1415 1414
1416 1415
1417 1416
1418 1417
1419 1418
1420 1419
1421 1420
1422 1421
1423 1422
1424 1423
1425 1424
1426 1425
1427 1426
1428 1427
1429 1428
1430 1429
1431 1430
1432 1431
1433 1432
1434 1433
1435 1434
1436 1435
1437 1436
1438 1437
1439 1438
1440 1439
1441 1440
1442 1441
1443 1442
1444 1443
1445 1444
1446 1445
1447 1446
1448 1447
1449 1448
1450 1449
1451 1450
1452 1451
1453 1452
1454 1453
1455 1454
1456 1455
1457 1456
1458 1457
1459 1458
1460 1459
1461 1460
1462 1461
1463 1462
1464 1463
1465 1464
1466 1465
1467 1466
1468 1467
1469 1468
1470 1469
1471 1470
1472 1471
1473 1472
1474 1473
1475 1474
1476 1475
1477 1476
1478 1477
1479 1478
1480 1479
1481 1480
1482 1481
1483 1482
1484 1483
1485 1484
1486 1485
1487 1486
1488 1487
1489 1488
1490 1489
1491 1490
1492 1491
1493 1492
1494 1493
1495 1494
1496 1495
1497 1496
1498 1497
1499 1498
1500 1499
1501 1500
