 7, 0, 0, 0, 1, 4, 2, 1, 1, 2, 2, 0, 0, 0, 4, 14, 19, 10, 6, 4, 0, 0, 0, 0, 1, 2, 1, 0, 14, 17, 2, nan
 0, 0, 0, 2, 5, 1, 1, 2, 2, 0, 0, 13, 33, 43, 55, 50, 39, 15, 9, 33, 52, 43, 24, 3, 0, 0, 1, 1, 0, 8, 13, 0
 0, 0, 1, 9, 2, 1, 2, 0, 0, 12, 42, 40, 35, 17, 10, 2, 0, 3, 2, 5, 28, 60, 87, 86, 46, 15, 0, 1, 1, 0, 5, 0
 0, 0, 7, 4, 1, 1, 0, 9, 35, 48, 28, 17, 6, 1, 0, 2, 5, 3, 2, 3, 0, 0, 9, 37, 46, 71, 45, 1, 1, 2, 0, 7
 0, 2, 6, 1, 0, 3, 43, 91, 86, 10, 14, 77, 34, 1, 6, 0, 0, 0, 2, 2, 4, 22, 69, 12, 0, 12, 41, 34, 2, 0, 2, 1
 0, 5, 2, 0, 4, 56, 106, 105, 29, 3, 67, 87, 47, 6, 12, 11, 39, 39, 0, 4, 3, 34, 96, 29, 0, 2, 0, 78, 83, 4, 0, 4
 2, 4, 0, 5, 52, 93, 95, 54, 1, 25, 86, 80, 27, 0, 5, 17, 74, 93, 1, 4, 0, 12, 51, 11, 0, 3, 0, 21, 109, 78, 8, 93
 5, 2, 2, 47, 80, 83, 45, 4, 0, 24, 78, 44, 3, 0, 59, 84, 47, 35, 3, 5, 2, 1, 3, 1, 1, 1, 2, 0, 48, 111, 74, 45
 5, 0, 30, 75, 70, 36, 11, 6, 2, 8, 16, 1, 6, 2, 72, 106, 37, 0, 6, 3, 2, 6, 20, 6, 1, 1, 2, 4, 10, 75, 104, 6
 1, 2, 65, 77, 29, 47, 91, 40, 2, 5, 3, 0, 5, 7, 26, 60, 32, 15, 25, 18, 31, 26, 29, 13, 3, 2, 1, 3, 0, 30, 91, 2
 0, 17, 90, 56, 19, 87, 112, 51, 0, 4, 0, 19, 58, 32, 40, 103, 44, 19, 23, 26, 24, 37, 20, 14, 7, 6, 5, 2, 0, 0, 58, 4
 0, 34, 92, 25, 36, 48, 63, 48, 36, 33, 61, 98, 113, 105, 84, 61, 57, 109, 47, 31, 64, 21, 11, 10, 7, 8, 8, 10, 28, 0, 21, 61
 0, 50, 87, 6, 38, 52, 46, 59, 62, 69, 90, 86, 79, 96, 113, 74, 107, 134, 111, 41, 130, 57, 10, 18, 48, 52, 0, 21, 107, 51, 0, 86
 0, 55, 78, 1, 37, 63, 58, 44, 63, 75, 70, 70, 67, 98, 125, 124, 119, 122, 50, 30, 103, 79, 10, 47, 102, 104, 46, 68, 87, 37, 20, 67
 0, 59, 66, 3, 47, 68, 82, 56, 75, 78, 74, 75, 47, 148, 221, 227, 208, 118, 38, 23, 26, 22, 19, 102, 113, 109, 105, 112, 31, 13, 81, 148
 0, 58, 72, 0, 45, 85, 85, 51, 67, 61, 73, 39, 76, 245, 230, 204, 231, 248, 93, 2, 27, 17, 12, 55, 79, 89, 103, 106, 27, 36, 87, 230
 0, 47, 83, 2, 40, 84, 98, 73, 68, 46, 34, 80, 138, 246, 218, 198, 197, 242, 170, 51, 68, 76, 19, 6, 28, 29, 100, 117, 42, 34, 79, 198
 0, 36, 89, 8, 39, 86, 103, 100, 89, 81, 94, 126, 112, 235, 234, 209, 202, 246, 221, 127, 77, 44, 50, 70, 92, 71, 57, 83, 18, 20, 41, 202
 0, 21, 91, 24, 17, 87, 84, 85, 91, 92, 118, 129, 64, 138, 236, 194, 221, 255, 184, 127, 120, 57, 70, 73, 82, 100, 59, 1, 4, 0, 35, 255
 2, 1, 73, 56, 0, 44, 86, 92, 93, 100, 121, 123, 74, 21, 75, 135, 150, 114, 89, 132, 127, 104, 91, 106, 88, 94, 77, 5, 5, 5, 72, 89
 2, 0, 22, 74, 8, 1, 29, 53, 43, 98, 115, 96, 97, 171, 101, 68, 76, 47, 67, 127, 128, 114, 93, 99, 96, 95, 47, 2, 0, 34, 104, 127
 1, 2, 0, 32, 31, 2, 2, 7, 27, 85, 132, 108, 137, 249, 207, 89, 176, 236, 82, 102, 99, 112, 53, 72, 59, 28, 7, 3, 1, 86, 80, 99
 1, 1, 1, 0, 22, 16, 13, 80, 84, 31, 65, 66, 125, 208, 255, 215, 249, 255, 137, 37, 63, 107, 85, 10, 0, 2, 2, 0, 60, 109, 23, 107
 1, 1, 1, 1, 1, 12, 21, 71, 65, 78, 35, 41, 47, 139, 228, 218, 245, 223, 178, 30, 53, 58, 117, 79, 7, 1, 9, 52, 89, 33, 0, 117
 1, 1, 1, 1, 2, 0, 16, 84, 102, 106, 89, 68, 60, 24, 146, 216, 135, 45, 117, 54, 22, 73, 86, 95, 26, 20, 48, 41, 5, 0, 2, 95
 1, 1, 1, 1, 1, 0, 7, 89, 105, 102, 102, 86, 96, 37, 112, 227, 30, 60, 88, 94, 103, 110, 79, 29, 9, 15, 5, 0, 0, 2, 1, 9
 0, 1, 1, 1, 1, 2, 0, 57, 106, 101, 98, 86, 100, 47, 140, 166, 48, 105, 93, 115, 108, 100, 102, 38, 0, 0, 0, 2, 1, 1, 1, 0
 6, 0, 1, 1, 1, 1, 1, 7, 73, 104, 105, 85, 80, 43, 177, 152, 55, 87, 87, 105, 107, 114, 108, 17, 0, 2, 1, 1, 1, 1, 0, 1
 26, 4, 0, 1, 1, 1, 1, 0, 13, 37, 84, 92, 56, 58, 145, 105, 50, 47, 75, 104, 106, 115, 62, 0, 2, 1, 1, 1, 2, 0, 5, 1
 10, 28, 1, 0, 2, 1, 1, 2, 1, 0, 22, 92, 57, 41, 41, 61, 17, 31, 94, 84, 81, 60, 4, 1, 1, 1, 1, 1, 0, 3, 18, 0
 0, 13, 30, 5, 0, 1, 2, 1, 2, 3, 3, 21, 25, 10, 28, 41, 29, 48, 66, 11, 10, 3, 0, 1, 1, 1, 1, 0, 7, 19, 4, 19
 1, 0, 10, 25, 17, 2, 1, 1, 1, 2, 3, 0, 4, 29, 5, 14, 24, 13, 10, 2, 0, 2, 2, 2, 1, 1, 1, 9, 21, 3, 0, 0
